1.722502677886835754e+00	-2.224760626137115782e+00	1.000000000000000000e+00
-1.690674546622648711e+00	-2.977313703160999303e+00	2.000000000000000000e+00
-2.048772247518160672e+00	-1.111861962509117507e+00	2.000000000000000000e+00
-1.853138816941736433e+00	1.198188966203930228e+00	0.000000000000000000e+00
-2.738409778033343400e+00	-5.302312766631558372e-01	2.000000000000000000e+00
-2.513699796798434694e+00	1.985262516902428942e+00	0.000000000000000000e+00
-2.638445850402474591e+00	-1.577848064761759206e+00	2.000000000000000000e+00
1.273971969274296567e+00	-7.275636925359965090e-01	1.000000000000000000e+00
-2.165933581301665356e+00	-1.698765309826788084e+00	0.000000000000000000e+00
2.348688398889021478e+00	-2.316518251664096084e+00	1.000000000000000000e+00
-1.849140370230227814e+00	8.875966267136137233e-01	0.000000000000000000e+00
-1.359866375525503379e+00	9.193385796135493671e-01	0.000000000000000000e+00
-1.476245956060310061e+00	1.386630753214993295e+00	0.000000000000000000e+00
1.023138437152665947e+00	-5.193943721125477975e-01	1.000000000000000000e+00
-1.890512768127495136e+00	-1.339344835913971909e+00	2.000000000000000000e+00
1.947601173603352276e+00	-2.478139023600335555e+00	1.000000000000000000e+00
1.879831456317405447e+00	-1.886883362864008484e+00	1.000000000000000000e+00
-4.351985890249208122e-01	8.456753550154385568e-01	0.000000000000000000e+00
1.514245403457767036e+00	-1.907904413794045517e+00	1.000000000000000000e+00
-1.237665794423054244e+00	9.930814012032198601e-01	0.000000000000000000e+00
-1.504395888758312871e+00	3.008922747912163409e+00	0.000000000000000000e+00
-2.538487846880834731e+00	-2.286526435191493789e-02	2.000000000000000000e+00
-1.318086550236306165e+00	1.616450529580741202e+00	0.000000000000000000e+00
-1.796852601044415465e+00	-2.097165403874011513e+00	2.000000000000000000e+00
-2.970130018084132129e+00	-1.703623161049432344e-01	2.000000000000000000e+00
6.705736164766653573e-01	-1.069081833899836464e-01	1.000000000000000000e+00
1.186429277531879656e+00	-5.435695080040352511e-01	1.000000000000000000e+00
-2.346425801577386228e+00	-1.635303761924842059e+00	2.000000000000000000e+00
-9.554658916034093341e-01	-3.235392596296615686e+00	2.000000000000000000e+00
-2.538903255804408232e+00	2.637117641353178943e+00	0.000000000000000000e+00
1.706162005381684166e+00	-1.958202611320882580e+00	1.000000000000000000e+00
2.130908555585463215e+00	-2.126810488152230949e+00	1.000000000000000000e+00
-2.086911511437679945e+00	8.860212296124576614e-01	0.000000000000000000e+00
1.586690583043232738e+00	-6.041972386244223170e-01	1.000000000000000000e+00
-1.644387665212311722e+00	-2.127223539278710884e+00	2.000000000000000000e+00
2.012910891590467877e+00	-1.164468739340706271e+00	1.000000000000000000e+00
1.178911696146557775e+00	-1.054494447992298634e+00	1.000000000000000000e+00
2.004132894110144392e+00	-2.018995381964304059e+00	1.000000000000000000e+00
-1.579762017694277043e+00	-1.628183776407607253e+00	2.000000000000000000e+00
-2.401209564347349890e+00	-5.975444648792249680e-01	2.000000000000000000e+00
-2.555861793858237085e+00	3.834323917069350607e+00	0.000000000000000000e+00
-2.141019919778488045e+00	-6.249298108268979135e-01	2.000000000000000000e+00
-1.583560173787552428e+00	1.812586308770986365e+00	0.000000000000000000e+00
1.758733927912033090e+00	-1.959976094610487607e+00	1.000000000000000000e+00
-1.212288123841567256e+00	-3.829548411090228033e+00	2.000000000000000000e+00
-7.763556245086526975e-01	3.653040220166507979e-01	0.000000000000000000e+00
-1.394528761744173950e+00	-2.169472378870829665e+00	2.000000000000000000e+00
-2.979784136868594668e+00	-2.612727287605969284e-01	2.000000000000000000e+00
-2.058131589818684937e+00	2.075609190584449149e+00	0.000000000000000000e+00
-2.680907087306674708e+00	-9.071511960804197194e-01	2.000000000000000000e+00
-1.244753816811127844e+00	-2.605315001768925942e+00	2.000000000000000000e+00
1.834092616686893162e+00	-1.535359418845499979e+00	1.000000000000000000e+00
2.083237367446495014e+00	-2.372243834751764258e+00	1.000000000000000000e+00
-2.537898769550375189e+00	3.244720946358964575e+00	0.000000000000000000e+00
2.335752170451105947e+00	-2.429911384669902752e+00	1.000000000000000000e+00
1.779534687912101010e+00	-1.998654074470899378e+00	1.000000000000000000e+00
2.347233902682720252e+00	-2.458786272998612521e+00	1.000000000000000000e+00
-1.162103426517315352e+00	1.226291060605067207e+00	0.000000000000000000e+00
2.104336336120194773e+00	-1.756959794151745413e+00	1.000000000000000000e+00
1.867845243839390879e+00	-1.112946046098045372e+00	1.000000000000000000e+00
-2.182633928116723521e+00	-2.196034853536705356e+00	2.000000000000000000e+00
1.354356911048553158e+00	-4.222092764415783517e-01	1.000000000000000000e+00
-2.349985400315272255e+00	-8.236960054993200941e-01	2.000000000000000000e+00
-3.458914072104191995e+00	-5.832259140899023198e-01	2.000000000000000000e+00
8.642340944295261451e-01	-2.271033375396414034e-01	1.000000000000000000e+00
-2.394466081827000714e+00	-1.214906696670717379e+00	2.000000000000000000e+00
-1.100687011005270666e+00	1.564749771432260683e+00	0.000000000000000000e+00
1.193749662658339927e+00	-1.383971146815116571e+00	1.000000000000000000e+00
-2.352542388695517683e+00	-1.228449899234118625e+00	2.000000000000000000e+00
2.519396588826584793e+00	-1.457836397708632825e+00	1.000000000000000000e+00
-1.446646582254215163e+00	-1.227964976542396336e+00	2.000000000000000000e+00
1.966654548494238153e+00	-2.207155777394573359e+00	1.000000000000000000e+00
-1.758998209175236305e+00	2.777049423538673345e+00	0.000000000000000000e+00
-2.043412604388692877e+00	-2.830746098322893367e+00	2.000000000000000000e+00
1.267648877213447545e+00	-9.901109838516921613e-01	1.000000000000000000e+00
-1.341900387201447220e+00	-3.821976614938739747e+00	2.000000000000000000e+00
-1.777921681782144159e+00	-2.508294897468401174e+00	2.000000000000000000e+00
-1.772525562021332046e+00	5.877269365468500428e-01	0.000000000000000000e+00
-3.686430561545212203e+00	3.524825168464375214e+00	0.000000000000000000e+00
-8.221496878209482162e-01	1.994556500245864283e+00	0.000000000000000000e+00
-3.054741987743087694e+00	-5.075706608688002053e-01	2.000000000000000000e+00
1.161349383426343973e+00	-7.420905529292276537e-01	1.000000000000000000e+00
-2.563455486397917760e+00	3.679826535572017221e-01	2.000000000000000000e+00
2.047257406372516186e+00	-1.290329565612335916e+00	1.000000000000000000e+00
-1.973716506125868797e+00	-3.093811886675968736e+00	2.000000000000000000e+00
-1.498040374706260280e+00	1.518695886989551935e+00	0.000000000000000000e+00
3.323851432748237578e+00	-2.947810915902731921e+00	1.000000000000000000e+00
1.522978460986113891e+00	-1.423606032496957496e+00	1.000000000000000000e+00
-2.748262485592668281e+00	2.068044353127360235e+00	0.000000000000000000e+00
-1.891963379918388366e+00	2.303008815691586886e+00	0.000000000000000000e+00
-2.526476356573930993e+00	8.062739104251737121e-01	0.000000000000000000e+00
1.407210417452532614e+00	-6.429541928959183750e-01	1.000000000000000000e+00
-2.018605596486614751e+00	1.764351154051684079e+00	0.000000000000000000e+00
-3.711464912512344227e+00	3.167394174528321837e+00	0.000000000000000000e+00
-2.310277204751157498e+00	-1.411576150271594443e+00	2.000000000000000000e+00
-2.081154776260614625e+00	1.467336586908615903e+00	0.000000000000000000e+00
1.498407303769630161e+00	-7.592781267212471707e-01	1.000000000000000000e+00
-1.917455018708669856e+00	-2.745938053283313973e+00	2.000000000000000000e+00
1.578972206548932444e+00	-2.702356276222110054e+00	1.000000000000000000e+00
1.661990794025925089e+00	-1.508197646133275116e+00	1.000000000000000000e+00
-8.885016417385855902e-01	1.032546435975766119e+00	0.000000000000000000e+00
-2.809490517591075154e+00	2.368443811216232042e+00	0.000000000000000000e+00
-3.527881143357930682e+00	3.320418965287843971e+00	0.000000000000000000e+00
-1.602322209971735578e+00	-2.169425565447487436e+00	2.000000000000000000e+00
-2.822714176836885969e+00	1.885957824828301099e+00	0.000000000000000000e+00
-2.427767964537545176e+00	-1.910710056795913214e+00	2.000000000000000000e+00
1.220986216277968994e+00	-2.588980726746692440e-01	1.000000000000000000e+00
1.821266581071144808e+00	-1.938829516257116747e+00	1.000000000000000000e+00
-2.634530826159047212e+00	-6.277325200776331382e-01	2.000000000000000000e+00
-1.406489295620304336e+00	1.758902553441507477e+00	0.000000000000000000e+00
-1.283725840806446694e+00	-2.878071046196220450e+00	2.000000000000000000e+00
-2.272251133554038294e+00	-9.781702477594447220e-01	2.000000000000000000e+00
-2.031679157332351604e+00	-1.209170234205036998e+00	2.000000000000000000e+00
-1.686431599494244482e+00	1.355995100821087762e+00	0.000000000000000000e+00
1.702703251110158300e+00	-1.661261805529421265e+00	1.000000000000000000e+00
1.654181664108352656e+00	-1.314554269834677047e+00	1.000000000000000000e+00
2.047280026067094028e+00	-1.628338085765080212e+00	1.000000000000000000e+00
-2.354917217091239579e+00	-2.034520616857728559e+00	2.000000000000000000e+00
-1.821107021595603559e+00	2.480276962911666772e+00	0.000000000000000000e+00
1.198086149741524498e+00	-5.315275718234997449e-01	1.000000000000000000e+00
-2.753952334897090903e+00	2.032460309406993737e+00	0.000000000000000000e+00
2.475020229200071586e+00	-2.541399570354299531e+00	1.000000000000000000e+00
-1.849370979509456836e+00	1.948320007049628932e+00	0.000000000000000000e+00
2.668006333892850801e+00	-3.023541543436131462e+00	1.000000000000000000e+00
-1.312413583173185572e+00	2.116431270389162123e+00	0.000000000000000000e+00
-1.790242438767207123e+00	-2.915339579025228112e+00	2.000000000000000000e+00
-1.441410007085684342e+00	1.956038601369654906e+00	0.000000000000000000e+00
-6.333778589824179406e-01	6.277234980140093956e-01	0.000000000000000000e+00
-1.873676216556969809e+00	2.527592267025974504e+00	0.000000000000000000e+00
-1.344905940426778024e+00	2.104793550990463835e+00	0.000000000000000000e+00
-2.128839554023310043e+00	1.502675745187016743e+00	0.000000000000000000e+00
-1.437602029719729169e+00	-3.023222399791227311e+00	2.000000000000000000e+00
1.780364328451882416e+00	-1.439935587637729109e+00	1.000000000000000000e+00
2.249001223604499611e+00	-2.989385956794428090e+00	2.000000000000000000e+00
2.745644695096373766e+00	-4.817247216050413172e+00	1.000000000000000000e+00
-1.367419917281143427e+00	-2.626734027263642357e+00	2.000000000000000000e+00
-1.230822188026960751e+00	2.169498007715988663e+00	0.000000000000000000e+00
-1.619893408750177732e+00	-1.597718468042427453e+00	2.000000000000000000e+00
1.880176062895916322e+00	-1.809053916108002591e+00	1.000000000000000000e+00
-1.489699248877977666e+00	-2.364672833363276272e+00	2.000000000000000000e+00
2.485036878565823670e+00	-2.114525997378038369e+00	1.000000000000000000e+00
-1.074462180610621154e+00	1.103534233027386957e+00	0.000000000000000000e+00
2.435599438434981945e+00	-1.802266330571499653e+00	1.000000000000000000e+00
-1.984680567466905465e-01	6.674939308312979325e-01	0.000000000000000000e+00
-2.562694841472750618e+00	-1.314480267244642508e+00	2.000000000000000000e+00
1.504699907930409530e+00	-1.082417119377397929e+00	1.000000000000000000e+00
-2.314529087946786134e+00	3.522094241200472986e-01	0.000000000000000000e+00
-1.716741357097382847e+00	-2.725846074745780889e+00	2.000000000000000000e+00
-1.773964790538530956e+00	-2.571444504045952595e+00	2.000000000000000000e+00
-1.741417894744987649e+00	-2.920398783186990421e+00	2.000000000000000000e+00
-2.745242332530640539e+00	-1.090768082762635149e+00	2.000000000000000000e+00
1.483068083477487864e+00	-1.434567708624880478e+00	1.000000000000000000e+00
-3.046980685603900341e+00	2.161516735719910098e+00	0.000000000000000000e+00
-1.163563246899723236e+00	-3.149577656535228698e+00	2.000000000000000000e+00
-2.341211430652323955e+00	-1.222612081886416346e+00	2.000000000000000000e+00
2.111579016812380694e+00	-2.869738215900220268e+00	1.000000000000000000e+00
-2.346403846394903514e+00	-8.245803523817589742e-01	2.000000000000000000e+00
-3.810260097707953708e-01	-3.181078661922648543e+00	2.000000000000000000e+00
-1.670035242241269646e+00	3.204152672552912584e+00	0.000000000000000000e+00
-2.670767743580707787e+00	-1.830200036119496332e+00	2.000000000000000000e+00
-2.483436647920497897e+00	-1.414059749870439919e+00	2.000000000000000000e+00
-1.715399396652124597e+00	-2.131634276908449532e+00	2.000000000000000000e+00
1.655082332292992842e+00	-1.755134074546294221e+00	1.000000000000000000e+00
2.951362126813316777e+00	-3.387730482305217450e+00	1.000000000000000000e+00
-2.374485305572884730e+00	6.323732378021609257e-01	0.000000000000000000e+00
3.350488572806169962e+00	-3.342310496278445786e+00	1.000000000000000000e+00
-1.328571307060903095e+00	-3.631719424160070986e+00	2.000000000000000000e+00
-1.069099627278027986e+00	2.341286059500926608e-01	0.000000000000000000e+00
-1.155234376929715978e+00	1.434924375439061039e+00	0.000000000000000000e+00
-1.962214228269183458e+00	-1.883915933067642490e+00	2.000000000000000000e+00
-2.629745932150894028e+00	2.288965512385836121e+00	0.000000000000000000e+00
2.288590122703840990e+00	-1.446359683470907154e+00	1.000000000000000000e+00
-1.245962301875967571e+00	1.136052365758196681e+00	0.000000000000000000e+00
-2.122549195973553182e+00	1.214730957042446935e+00	0.000000000000000000e+00
-2.021653069153471538e+00	-1.233597110012391918e+00	2.000000000000000000e+00
2.424372857338842557e+00	-3.518339967283250491e+00	1.000000000000000000e+00
1.851113359903558742e+00	-1.019310451285121211e+00	1.000000000000000000e+00
-2.454009472890153809e+00	-3.367709256211512958e-01	2.000000000000000000e+00
1.589954311456885927e+00	-1.139674376476145223e+00	1.000000000000000000e+00
-1.676585291321619042e+00	-1.888075201629627831e+00	2.000000000000000000e+00
-2.792884685918162635e+00	2.401566850538570996e+00	0.000000000000000000e+00
1.879947797377597096e+00	-1.125297100858574373e+00	1.000000000000000000e+00
-6.872276976426832107e-01	1.194473192229299263e+00	0.000000000000000000e+00
-6.304687848552270601e-01	7.778778087752622472e-01	0.000000000000000000e+00
-1.572832574852249365e+00	1.721978145328017629e+00	0.000000000000000000e+00
9.692052955203647180e-01	-3.808966016253156894e-02	1.000000000000000000e+00
2.305749535463874622e-01	5.613715176200662071e-02	0.000000000000000000e+00
-2.557291239183668630e+00	-7.343200471688979825e-01	2.000000000000000000e+00
-2.055972900190560004e+00	5.737793812628804169e-01	0.000000000000000000e+00
1.992647223971054871e+00	-2.140394029556966338e+00	1.000000000000000000e+00
-1.717954637122920847e+00	-2.581831068672405305e+00	2.000000000000000000e+00
-2.531828236681563205e+00	-8.673226464523793311e-01	2.000000000000000000e+00
-3.725097761945075359e-01	-8.721557964059627466e-01	0.000000000000000000e+00
-3.698846190009961177e-01	9.335231442044962247e-01	0.000000000000000000e+00
1.145907424460412383e+00	1.681760513336056917e-01	1.000000000000000000e+00
-1.668239947048234528e+00	1.842710318894237309e+00	0.000000000000000000e+00
-3.457045495308210370e+00	1.866082530473708090e+00	0.000000000000000000e+00
-2.388093373220308013e+00	-1.820011260589702973e+00	2.000000000000000000e+00
-1.542549832450021308e+00	1.731542681807499484e+00	0.000000000000000000e+00
2.055759329668553015e+00	-1.941363247459963137e+00	1.000000000000000000e+00
-1.770209710821760263e+00	-2.897953142471062282e+00	2.000000000000000000e+00
-1.951010637351330734e+00	-2.093130239363888645e+00	2.000000000000000000e+00
-8.907722065474248385e-01	3.086452884534716112e-01	0.000000000000000000e+00
-2.507190361751663765e+00	3.140302524049298771e+00	0.000000000000000000e+00
-2.133822879638527681e+00	-2.025415944314474359e+00	2.000000000000000000e+00
1.667164748253194162e+00	-1.237769094756514310e+00	1.000000000000000000e+00
-2.030568157874613533e+00	1.397865062198716091e+00	0.000000000000000000e+00
-1.340936687505060787e+00	4.805409059472478539e-01	0.000000000000000000e+00
2.666806232941987265e+00	-3.584078244092091747e+00	1.000000000000000000e+00
-3.102609579670598805e+00	2.404709701120958165e+00	0.000000000000000000e+00
-1.772762450870134732e+00	-2.473538070508628728e+00	2.000000000000000000e+00
3.218873899589797638e+00	-4.495530083362917040e+00	1.000000000000000000e+00
2.873257281904070037e+00	-3.403962030285629048e+00	1.000000000000000000e+00
-1.321204844555380564e+00	6.122676198961420901e-01	0.000000000000000000e+00
-3.252027563124552323e+00	2.108925667479273791e+00	0.000000000000000000e+00
2.651528569630807741e+00	-3.012254461477216427e+00	1.000000000000000000e+00
-1.724982269672729718e+00	-3.048709657723611688e+00	2.000000000000000000e+00
2.728761082248517766e+00	-2.746015579315025157e+00	1.000000000000000000e+00
-1.273415874333306164e+00	-3.070430262279528311e+00	2.000000000000000000e+00
-2.756058905341127740e+00	-7.508962727782091395e-01	2.000000000000000000e+00
-1.596025749806336602e+00	-1.649597419059690040e+00	2.000000000000000000e+00
-1.921728668056758238e+00	-1.767468256346310440e+00	2.000000000000000000e+00
-2.517516580788047520e+00	3.168115153253035832e+00	0.000000000000000000e+00
-3.353343463111793987e+00	-2.223282415418084135e-01	2.000000000000000000e+00
2.275121552847620521e+00	-2.614675793233669054e+00	1.000000000000000000e+00
-2.577118845360373722e+00	2.620591058907385751e+00	0.000000000000000000e+00
-9.029097587523049473e-01	8.932475999414322132e-01	0.000000000000000000e+00
-2.660141583011963018e+00	1.759182620278241460e+00	0.000000000000000000e+00
-2.011287520084649394e+00	2.872284797584222726e+00	0.000000000000000000e+00
2.352399573359017282e+00	-2.848584020016078355e+00	1.000000000000000000e+00
3.158465137779320031e+00	-3.183637026029581207e+00	1.000000000000000000e+00
-1.581033972019442846e+00	-2.510296834046213732e+00	2.000000000000000000e+00
-2.065999792778108635e+00	-4.888051076850721266e-01	2.000000000000000000e+00
-2.289819151203034142e+00	3.251565513554102171e+00	0.000000000000000000e+00
2.057309485665173465e+00	-2.084232931093823460e+00	1.000000000000000000e+00
-2.143475737863596908e+00	-1.920409430793624361e+00	2.000000000000000000e+00
-1.480755757887168622e+00	-2.349798406207610935e+00	2.000000000000000000e+00
-2.251484993967880932e+00	-1.280042832374181039e+00	2.000000000000000000e+00
-7.833839696725604096e-01	-2.245556492941338966e+00	2.000000000000000000e+00
-1.664051121455467408e+00	1.324538917977359453e+00	0.000000000000000000e+00
-2.880570479426784569e+00	2.121181043664343235e+00	0.000000000000000000e+00
2.928054990529655122e+00	-2.584257897648136737e+00	1.000000000000000000e+00
2.142132422823465276e+00	-1.723611037711038962e+00	1.000000000000000000e+00
2.499168196109911033e+00	-2.316197961414923956e+00	1.000000000000000000e+00
1.770540682867806526e+00	-2.115846139701837103e+00	1.000000000000000000e+00
-2.081370567487318635e+00	-2.575268685175815087e+00	2.000000000000000000e+00
-2.115066163640246355e+00	2.188971122676044878e+00	0.000000000000000000e+00
1.922446534570736443e+00	-2.124904623747470911e+00	1.000000000000000000e+00
2.669856438895423789e+00	-3.343170262026978090e+00	1.000000000000000000e+00
-5.733348433218055096e-01	9.540863798713843380e-01	0.000000000000000000e+00
-2.709434875829034972e+00	2.182937889373146145e+00	0.000000000000000000e+00
-2.616901098443355611e+00	-6.447828824847803286e-01	2.000000000000000000e+00
6.586983323613437857e-01	-2.462008761803711199e-01	1.000000000000000000e+00
-2.823709972055509887e+00	4.240688373728683125e+00	0.000000000000000000e+00
1.605698725553214468e+00	-1.796356950333158231e+00	1.000000000000000000e+00
-1.963958648274120034e+00	-1.814064335588374988e+00	2.000000000000000000e+00
-1.380172002496999006e+00	-2.443696969572913158e+00	2.000000000000000000e+00
-2.616195899941073044e+00	-9.469323030134866315e-01	2.000000000000000000e+00
-1.617661912093121490e+00	-1.905946711533514915e+00	2.000000000000000000e+00
-1.382658701531679579e+00	-2.162909122518832383e+00	2.000000000000000000e+00
-2.918921822231055341e+00	-1.239414897759455680e+00	2.000000000000000000e+00
-3.227379778037534397e+00	1.969368539706431331e+00	0.000000000000000000e+00
-8.577703138250771797e-01	8.110236320934092191e-01	0.000000000000000000e+00
-1.548470453314928053e+00	-2.217262520654298630e+00	2.000000000000000000e+00
-1.935463150962424050e+00	1.777502339726445779e+00	0.000000000000000000e+00
-1.497485327086331974e+00	1.048985371822220181e+00	0.000000000000000000e+00
2.036571490875711099e+00	-1.810987571273387164e+00	1.000000000000000000e+00
1.499455159133226578e+00	-1.438352832093169553e+00	1.000000000000000000e+00
-1.431574491437197949e+00	2.290317109361514003e+00	0.000000000000000000e+00
-1.419964251229418828e+00	3.047148960084716141e+00	0.000000000000000000e+00
1.528111255262732726e+00	-1.228700162261841644e+00	1.000000000000000000e+00
1.377666292636320566e+00	-7.276016374501972361e-01	1.000000000000000000e+00
1.138369136220629407e+00	-3.842922062131561844e-01	1.000000000000000000e+00
-3.376438270217660076e+00	3.390811970090841676e+00	0.000000000000000000e+00
2.591285538781373354e+00	-3.233976870707567119e+00	1.000000000000000000e+00
-1.647923317680881627e+00	-2.767068170102318980e+00	2.000000000000000000e+00
-2.150378959080882169e+00	-2.893891363664447436e+00	2.000000000000000000e+00
2.083391822624951040e+00	-2.637141965475175098e+00	1.000000000000000000e+00
2.359000965656471660e+00	-2.713214625970527649e+00	1.000000000000000000e+00
-4.678328784554540931e+00	3.667951980882627971e+00	0.000000000000000000e+00
-2.048502955178196139e+00	1.997676254077605629e+00	0.000000000000000000e+00
-1.868954613539895782e+00	3.283725652643180837e+00	0.000000000000000000e+00
-2.322174006581165795e+00	2.850836731169226201e+00	0.000000000000000000e+00
-1.791391256520779240e+00	-1.819300413028622554e+00	2.000000000000000000e+00
-1.607634597936224319e+00	-2.442269093551816539e+00	2.000000000000000000e+00
-2.362747288672335078e+00	-1.721152518038988166e+00	2.000000000000000000e+00
-5.399889755707056871e-01	2.730030623598163952e+00	0.000000000000000000e+00
-2.139285293483481620e+00	-2.944471055539122695e+00	2.000000000000000000e+00
8.647996351175302188e-01	-3.995614866226089301e-01	1.000000000000000000e+00
-6.523923390158448132e-01	-4.252047210273324218e-01	0.000000000000000000e+00
1.894956995976307956e+00	-1.011539872100831072e+00	1.000000000000000000e+00
-2.733390368220415922e+00	-1.391769209772863114e+00	2.000000000000000000e+00
-2.455966817655105494e+00	2.854946190140373208e+00	0.000000000000000000e+00
-2.374114224362472214e+00	-2.151106445488166319e+00	2.000000000000000000e+00
-2.414255800685436437e+00	-1.655945218756508464e+00	2.000000000000000000e+00
-1.607353370081012756e+00	-2.765503578684215924e+00	2.000000000000000000e+00
2.114049462337733054e+00	-2.207456328843936610e+00	1.000000000000000000e+00
-1.959049343294339218e+00	-2.144209998961053021e+00	2.000000000000000000e+00
2.665634299145007269e+00	-2.096931777737206737e+00	1.000000000000000000e+00
-6.092341526085762737e-01	6.702504487080513940e-01	0.000000000000000000e+00
-1.372609350180731713e+00	1.827977300874600086e+00	0.000000000000000000e+00
2.205656481628968546e+00	-2.706233939980406511e+00	1.000000000000000000e+00
-1.930833192172450419e+00	7.266793378299498674e-01	0.000000000000000000e+00
-3.810514091075613230e+00	2.785640061810672030e+00	0.000000000000000000e+00
-4.739244503826876009e-01	1.315157729099313277e+00	0.000000000000000000e+00
2.156278446073516708e+00	-2.122728188951368722e+00	1.000000000000000000e+00
-2.122442600183009009e+00	-3.510968206880845877e+00	2.000000000000000000e+00
2.786369918861672623e+00	-4.176357654554830212e+00	1.000000000000000000e+00
2.414890920037594757e+00	-3.944641339964661153e+00	1.000000000000000000e+00
-2.046856021461370911e+00	-2.247313960856677451e+00	2.000000000000000000e+00
-6.900448045397105101e-01	7.013810598046177347e-01	0.000000000000000000e+00
1.968579404498882024e+00	-2.248165394674476403e+00	1.000000000000000000e+00
-1.908026470454712742e+00	-2.504482180061838648e+00	2.000000000000000000e+00
-2.026197021648723506e+00	-3.100040015728319887e+00	2.000000000000000000e+00
-2.669762544308735386e+00	-1.543196424059277039e+00	2.000000000000000000e+00
1.841838463040779583e+00	-1.771682646125357863e+00	1.000000000000000000e+00
-2.885787497549234359e+00	2.434656749899811512e+00	0.000000000000000000e+00
-2.674065232634689870e+00	-6.517004422509362627e-01	2.000000000000000000e+00
1.287387801678232080e+00	-9.286558724423499278e-01	0.000000000000000000e+00
-2.697370776880824828e+00	-8.553629228567802834e-01	2.000000000000000000e+00
2.436978911733831410e+00	-3.185558707239798615e+00	1.000000000000000000e+00
-4.120997699722533270e+00	2.568709563492197478e+00	0.000000000000000000e+00
-3.072310189039938244e+00	3.260787050309516211e+00	0.000000000000000000e+00
2.076119065729889357e+00	-2.644756003931776789e+00	1.000000000000000000e+00
1.235909500191312960e+00	-9.577621624853687177e-01	1.000000000000000000e+00
-2.001495573663651495e+00	-2.108317563863376431e+00	2.000000000000000000e+00
-2.489935570909523666e+00	-5.574766762515050988e-01	2.000000000000000000e+00
-3.012779863833908944e+00	-1.339566037666406473e-01	2.000000000000000000e+00
-2.715878345658222059e+00	-1.626543366011209635e+00	2.000000000000000000e+00
1.722853303100259303e+00	-2.369962418550899841e+00	1.000000000000000000e+00
-2.884526494126141039e+00	-7.690978331027662485e-01	2.000000000000000000e+00
2.081864123445451575e+00	-1.546989493301009322e+00	1.000000000000000000e+00
-1.483093683693959441e+00	-3.321297856883633770e+00	2.000000000000000000e+00
-9.528309673891222076e-01	-4.177515918390959371e+00	2.000000000000000000e+00
-2.990265034322683313e+00	3.079103921240005981e+00	0.000000000000000000e+00
-1.415776903632513850e+00	-2.019899635995359155e+00	2.000000000000000000e+00
2.142513595796718295e+00	-2.623710559581311941e+00	1.000000000000000000e+00
1.503779117148644096e+00	-1.178061278942060586e+00	1.000000000000000000e+00
-2.238097715926961051e+00	2.035228195708213228e+00	0.000000000000000000e+00
-1.567161707295221085e+00	6.604409226817786749e-01	0.000000000000000000e+00
1.458827909917142840e+00	-1.817445444206480909e+00	1.000000000000000000e+00
-1.696725673737123241e+00	8.327947692471859842e-01	0.000000000000000000e+00
-4.322007447648131162e+00	3.332440385023263119e+00	0.000000000000000000e+00
-1.289366728367593806e+00	1.959076757166768434e+00	0.000000000000000000e+00
2.432611268080173250e+00	-2.668139806417450188e+00	1.000000000000000000e+00
2.758569372067118941e+00	-3.593593676440980822e+00	1.000000000000000000e+00
2.696514110087728344e+00	-3.316041465899131513e+00	1.000000000000000000e+00
-1.664054434047582909e+00	2.120808381931991615e+00	0.000000000000000000e+00
1.586020165016302830e+00	-2.218991827887343060e+00	1.000000000000000000e+00
-5.125708387202627669e-01	-3.310270035543709355e+00	2.000000000000000000e+00
2.265962913868510675e+00	-2.626372164344395355e+00	1.000000000000000000e+00
-2.270234868529431793e+00	-2.149064014081542240e+00	2.000000000000000000e+00
-3.062565466053223329e+00	1.730820779545947374e+00	0.000000000000000000e+00
-4.490914230998290790e+00	3.226539377148917254e+00	0.000000000000000000e+00
-9.490814931764586238e-01	2.114281813418251499e+00	0.000000000000000000e+00
-1.652156509649517213e+00	-2.490697619690695586e+00	2.000000000000000000e+00
2.159471597666697829e+00	-2.063295138720464550e+00	1.000000000000000000e+00
1.866682797292311680e+00	-1.946964066764054424e+00	1.000000000000000000e+00
2.674692543972934100e+00	-3.013363757869740311e+00	1.000000000000000000e+00
-1.354032721711090348e+00	-3.248733488762878707e+00	2.000000000000000000e+00
-2.287859379131737203e+00	-2.090124617907342497e+00	2.000000000000000000e+00
-1.780337234504105304e+00	5.502419534375970755e-01	0.000000000000000000e+00
1.654869623161670855e+00	-1.277806406546278861e+00	1.000000000000000000e+00
-2.027689478755201780e+00	1.946005394897506902e+00	0.000000000000000000e+00
2.550355528635550595e+00	-1.980331274603796876e+00	1.000000000000000000e+00
-2.772878092116259907e+00	3.336186275128928624e+00	0.000000000000000000e+00
2.223887987157644908e+00	-2.421823677424813859e+00	1.000000000000000000e+00
2.495492892391874662e+00	-2.279632871694546647e+00	1.000000000000000000e+00
-1.014254227960087462e+00	7.363697398909345715e-01	0.000000000000000000e+00
-6.960984253032111990e-01	7.109473466236730932e-01	0.000000000000000000e+00
1.560065675037847654e+00	-1.256925990273221050e+00	1.000000000000000000e+00
-1.398103688423039337e+00	9.605072421129339233e-01	0.000000000000000000e+00
2.242522408969069847e+00	-2.634708812573935521e+00	1.000000000000000000e+00
1.586624565698042222e+00	-1.492221823178909723e+00	1.000000000000000000e+00
-1.730480599217082638e+00	1.749788879587884649e+00	0.000000000000000000e+00
2.334345855918550150e+00	-2.430090258763852429e+00	1.000000000000000000e+00
1.771601498223534632e+00	-1.930834487884632411e+00	1.000000000000000000e+00
2.128882681712957137e+00	-2.085034960730943521e+00	1.000000000000000000e+00
-2.499830630674048315e+00	1.836248402196331231e+00	0.000000000000000000e+00
-1.535870122531906468e+00	3.534696427354513837e+00	0.000000000000000000e+00
-1.994437445706441325e+00	-2.770078021715220551e+00	2.000000000000000000e+00
-1.820084681614609678e+00	-2.045396903403518873e+00	2.000000000000000000e+00
-1.917180548620322389e+00	-2.609925447410978094e+00	2.000000000000000000e+00
-2.015567948110986052e+00	-1.173620443146406789e+00	2.000000000000000000e+00
2.150624659011782569e+00	-2.515297635477872440e+00	1.000000000000000000e+00
-2.181831795797943840e+00	-1.307502229660850501e+00	2.000000000000000000e+00
-2.076450348434882187e+00	-1.952599048600758502e+00	0.000000000000000000e+00
-1.265489332035658609e+00	1.444443660100522608e+00	0.000000000000000000e+00
-1.632268892713975683e+00	-1.638659256165614142e+00	2.000000000000000000e+00
-1.731230386657180320e+00	-2.763216920456313286e+00	2.000000000000000000e+00
1.983697305712276648e+00	-1.729901163119535124e+00	1.000000000000000000e+00
3.253924716414021034e+00	-3.183427184764152429e+00	1.000000000000000000e+00
-2.029238725737937177e+00	-2.562779610286518572e+00	2.000000000000000000e+00
-3.346394076687160712e+00	2.405628153058537499e+00	0.000000000000000000e+00
1.785298253229446797e+00	-1.422673566424551783e+00	1.000000000000000000e+00
1.818827364468146968e+00	-1.908605601926130158e+00	1.000000000000000000e+00
-1.557046720782413907e+00	-1.127870547986193017e+00	2.000000000000000000e+00
-1.075522343249736723e+00	2.424479324304325889e+00	0.000000000000000000e+00
-2.175661484938173018e+00	-2.860601420123761951e+00	2.000000000000000000e+00
-1.257006623349806951e+00	-3.134469523058249774e+00	2.000000000000000000e+00
-1.081143088059020263e+00	-3.119424452206466469e+00	2.000000000000000000e+00
-4.008678718672277874e+00	3.613531084813371042e+00	2.000000000000000000e+00
8.916410143911679409e-01	-1.237310452176154651e-01	1.000000000000000000e+00
-1.001887068245492562e+00	2.569012235610061978e+00	0.000000000000000000e+00
-1.737606930609098210e+00	2.180484169034634157e+00	0.000000000000000000e+00
-2.214834298119297884e+00	-4.378349730690813679e-01	2.000000000000000000e+00
2.911025641839892319e+00	-3.216242850630857575e+00	1.000000000000000000e+00
-2.697746542711457085e+00	1.275336440286000794e+00	0.000000000000000000e+00
-2.361032683822911427e+00	-1.680633415830983468e+00	2.000000000000000000e+00
-2.950782283619368673e+00	3.461005199893130602e+00	0.000000000000000000e+00
-2.959647656890747491e+00	-4.727319263573002139e-01	2.000000000000000000e+00
-5.407666011210701118e-01	1.087559997226929198e+00	0.000000000000000000e+00
-3.147255238602972405e+00	2.718338748309822694e+00	0.000000000000000000e+00
-2.458334475235897099e+00	3.606377942207646736e+00	0.000000000000000000e+00
-2.155409039150974149e+00	-1.154159367792215507e+00	2.000000000000000000e+00
-1.528921490153769103e+00	-1.993376041800365428e+00	2.000000000000000000e+00
-2.399477626883292025e+00	-1.098642851247286778e+00	2.000000000000000000e+00
-1.385124355643370997e+00	-2.186726996568646442e+00	2.000000000000000000e+00
-1.783493485012146218e+00	1.831851430865907293e+00	0.000000000000000000e+00
-1.981351086786622639e+00	1.747299965750646278e+00	0.000000000000000000e+00
1.713387954156599724e+00	-1.255199430506326097e+00	1.000000000000000000e+00
-3.677149957758417909e+00	2.812433198303209370e+00	0.000000000000000000e+00
-1.304688075962651350e+00	1.085780618202376147e+00	0.000000000000000000e+00
1.599627984675667580e+00	-1.386133218220314323e+00	1.000000000000000000e+00
-1.720166219562000443e+00	-2.559139803439734351e+00	2.000000000000000000e+00
2.417635454744960555e+00	-2.606798539893788735e+00	1.000000000000000000e+00
2.032161388568971550e+00	-2.007746153900556330e+00	1.000000000000000000e+00
-1.781327827102193062e+00	3.665939333728915894e-01	0.000000000000000000e+00
-8.548356450884360136e-01	1.337310663336137129e+00	0.000000000000000000e+00
6.561266265895249195e-01	-4.978963412174877146e-01	1.000000000000000000e+00
2.393209481729397403e+00	-2.022569685199324674e+00	1.000000000000000000e+00
-2.582588676217396184e+00	-1.314325024458094848e+00	2.000000000000000000e+00
6.402518700898935933e-01	1.136226725984510910e+00	0.000000000000000000e+00
2.126184544935458831e+00	-1.975045384777240454e+00	1.000000000000000000e+00
-1.640877668348212914e+00	1.382936603259278918e+00	0.000000000000000000e+00
1.671117849525812327e+00	-1.836274736956233777e+00	1.000000000000000000e+00
-2.616996720896837214e+00	3.707583679173371838e+00	0.000000000000000000e+00
-1.439934473100353607e+00	9.185884426152721716e-01	0.000000000000000000e+00
1.222187933983884367e+00	-1.206959209727882953e+00	1.000000000000000000e+00
-1.971386770297572477e+00	-1.489983623008182878e+00	2.000000000000000000e+00
2.864125978716896448e+00	-2.344014769791603836e+00	1.000000000000000000e+00
1.013933688804743660e+00	-7.879325184925696224e-01	1.000000000000000000e+00
1.977387109206564686e+00	-2.234328432312358448e+00	1.000000000000000000e+00
1.553034876944136222e+00	-1.959197317525235293e+00	1.000000000000000000e+00
-2.334119179904788677e+00	-7.984876090259520609e-01	2.000000000000000000e+00
-2.695719708062662257e+00	-1.198510488234970417e+00	2.000000000000000000e+00
-1.517545358262347932e+00	-3.101894469112517427e+00	2.000000000000000000e+00
1.639555606538461330e+00	-1.606387515254198650e+00	1.000000000000000000e+00
-2.630988605100041067e+00	3.157068861146755889e+00	0.000000000000000000e+00
-1.685913925337427788e+00	1.867822604082640892e+00	0.000000000000000000e+00
-1.868140153381261603e+00	-3.575569330533259205e+00	2.000000000000000000e+00
2.209204128417189494e+00	-1.838912549784653017e+00	1.000000000000000000e+00
-2.383337358165546149e+00	-1.271416984566583031e+00	2.000000000000000000e+00
2.123515352633118969e+00	-1.902524236070920471e+00	1.000000000000000000e+00
-3.303587086455967547e+00	2.926264733453942224e+00	0.000000000000000000e+00
-2.208108388748502460e+00	-2.021409311573545864e+00	2.000000000000000000e+00
-2.361438507686701271e+00	2.693879327386831335e+00	0.000000000000000000e+00
-1.788714980688622447e+00	-2.744164539685160165e+00	2.000000000000000000e+00
1.818033637753787346e+00	-1.399643200583229330e+00	1.000000000000000000e+00
-1.677029006534098698e+00	-2.453218094877400279e+00	2.000000000000000000e+00
-1.958220339627701145e+00	2.530596852388187656e+00	0.000000000000000000e+00
1.108204493898329535e+00	-1.128436987833272953e+00	1.000000000000000000e+00
2.801100267650033615e+00	-2.995879953649390970e+00	1.000000000000000000e+00
2.204006518925373470e+00	-1.717566580184046510e+00	1.000000000000000000e+00
1.813665311386766232e+00	-1.468008821582885259e+00	1.000000000000000000e+00
2.104104257613345741e+00	-2.046424405482404119e+00	1.000000000000000000e+00
-2.610295357794381488e+00	4.166025777460243162e+00	0.000000000000000000e+00
-2.656711346243709748e+00	1.259050450283565326e-01	2.000000000000000000e+00
3.057653746402283268e+00	-3.649141059743940652e+00	1.000000000000000000e+00
-2.781492727727652436e+00	-7.081759892686796398e-01	2.000000000000000000e+00
2.576277816987817992e+00	-3.005341076734694639e+00	1.000000000000000000e+00
-1.574289894805220191e+00	-3.580019101533765458e+00	2.000000000000000000e+00
-1.863079182518333043e+00	-1.641663509737224969e+00	2.000000000000000000e+00
-2.735043592791129186e+00	1.765121084370416815e+00	0.000000000000000000e+00
-1.690967109998716689e+00	1.557579133142246164e+00	0.000000000000000000e+00
-9.619530605395956169e-01	1.401313828281213869e+00	0.000000000000000000e+00
2.131018791740590057e+00	-2.805315202368191763e+00	1.000000000000000000e+00
-1.998383658142093289e+00	1.474424717987637301e+00	0.000000000000000000e+00
1.544390877269556706e+00	-1.732064030986506076e+00	1.000000000000000000e+00
-2.201007178124539720e+00	-1.901319887974115552e+00	2.000000000000000000e+00
-2.582922544811209420e+00	-1.491098364289150435e+00	2.000000000000000000e+00
-2.244496142984308218e+00	-2.126220700744043679e+00	2.000000000000000000e+00
-2.446552765628179582e+00	-1.561800989888589619e+00	2.000000000000000000e+00
-1.947090547154824103e+00	-1.116649483536937160e+00	2.000000000000000000e+00
-2.112378726988207056e+00	-1.886157416243014362e+00	2.000000000000000000e+00
-1.307687996286989174e+00	1.554510239220923573e+00	0.000000000000000000e+00
1.174434459842853773e+00	-1.200350218971934391e+00	1.000000000000000000e+00
-1.282329411009176745e+00	2.488413944394798349e+00	0.000000000000000000e+00
-1.895366886689094255e+00	1.361871815434292365e+00	0.000000000000000000e+00
-1.756261073693883068e+00	-1.587358866084471742e+00	2.000000000000000000e+00
-3.350056003593775422e+00	1.850454133596890482e+00	0.000000000000000000e+00
-2.503655207335572008e+00	1.580680022211831126e+00	0.000000000000000000e+00
2.597293085227779574e+00	-3.499246822625056819e+00	1.000000000000000000e+00
-2.077877277911027054e+00	-2.574873533194001585e+00	2.000000000000000000e+00
-3.005053012134875967e+00	3.167773560431916380e+00	0.000000000000000000e+00
-1.021166446935028338e+00	2.011082611742360360e+00	0.000000000000000000e+00
1.505318912386744534e+00	-1.197777042513586965e+00	1.000000000000000000e+00
1.513370767197161015e+00	-1.431865962177236717e+00	1.000000000000000000e+00
1.558710646036905123e+00	-1.223561581313316715e+00	1.000000000000000000e+00
1.639655057106199409e+00	-1.804711736142921463e+00	1.000000000000000000e+00
